-18 -16 -14 -5 13 0 
-14 2 13 15 18 0 
-14 9 10 15 19 0 
-17 -13 -9 14 19 0 
-18 -14 -9 -8 19 0 
-1 2 16 17 20 0 
-15 -13 1 18 20 0 
-21 -18 9 13 15 0 
-6 -3 14 17 21 0 
-5 8 13 15 19 21 0 
-22 -18 -10 9 15 0 
-14 3 10 15 22 0 
-16 -14 -5 12 22 0 
-18 -14 -9 -3 22 0 
-23 -7 6 17 18 0 
-23 -21 -9 5 19 0 
-18 -16 -9 5 23 0 
-22 -14 -13 2 23 0 
-15 -8 -3 22 23 0 
-2 13 14 21 24 0 
-24 -15 -14 -13 0 
-24 -23 -18 2 12 0 
-24 -15 10 13 23 0 
-25 -15 -1 11 14 0 
-25 -15 4 10 23 0 
-14 -3 11 15 25 0 
-14 12 13 23 25 0 
-26 -19 -12 2 18 0 
-26 -21 -19 -1 3 0 
-26 -18 -3 12 21 0 
-26 -22 -8 -3 16 0 
-26 -22 -17 -9 -8 0 
-26 -17 4 7 22 0 
-26 -23 -14 -13 2 0 
-26 -11 9 14 25 0 
-26 -3 13 20 25 0 
-26 -22 -4 7 25 0 
-20 -14 -6 -3 26 0 
1 10 20 21 26 0 
-22 3 13 18 26 0 
-8 13 16 22 26 0 
-23 -1 13 14 26 0 
2 6 18 23 26 0 
-25 -10 5 16 26 0 
-11 8 17 25 26 0 
-22 -13 -3 25 26 0 
-27 -3 8 15 18 0 
-27 -16 -11 -7 19 0 
-27 -20 2 7 18 0 
-21 -18 -4 5 27 0 
-13 7 14 21 27 0 
-22 -9 -4 18 27 0 
-23 2 3 20 27 0 
-24 -10 -5 15 27 0 
-25 -4 7 23 27 0 
-11 -5 22 26 27 0 
9 10 23 26 27 0 
-14 9 10 15 -26 -12 2 18 0 
-17 -13 -9 14 -26 -12 2 18 0 
-5 8 13 15 21 -26 -12 2 18 0 
-23 -21 -9 5 -26 -12 2 18 0 
-27 -16 -11 -7 -26 -12 2 18 0 
-14 9 10 15 -26 -21 -1 3 0 
-17 -13 -9 14 -26 -21 -1 3 0 
-18 -14 -9 -8 -26 -21 -1 3 0 
-23 -9 5 -26 -21 -1 3 0 
-27 -16 -11 -7 -26 -21 -1 3 0 
-1 2 16 17 -14 -6 -3 26 0 
-15 -13 1 18 -14 -6 -3 26 0 
1 10 21 -14 -6 -3 26 0 
-1 16 17 -27 2 7 18 0 
-15 -13 1 -27 2 7 18 0 
-26 -3 13 25 -27 2 7 18 0 
1 10 21 26 -27 2 7 18 0 
-15 10 23 -2 13 14 21 0 
-10 -5 15 27 -2 13 14 21 0 
-6 -3 14 21 -26 -22 -9 -8 0 
-23 -7 6 18 -26 -22 -9 -8 0 
-1 16 -27 2 7 18 -26 -22 -9 -8 0 
-6 -3 14 21 -26 4 7 22 0 
-1 16 -27 2 18 -26 4 7 22 0 
-6 -3 21 -13 -9 14 -26 -12 2 18 0 
-23 -7 6 -13 -9 14 -26 -12 2 18 0 
-1 16 -27 7 -13 -9 14 -26 -12 2 18 0 
-23 -7 6 18 -13 -9 14 -26 -21 -1 3 0 
16 -27 2 7 18 -13 -9 14 -26 -21 -1 3 0 
-26 -22 -4 7 -15 -1 11 14 0 
-22 -13 -3 26 -15 -1 11 14 0 
-26 -3 13 -27 2 7 18 -15 -1 11 14 0 
-14 12 13 -15 4 10 23 0 
-26 -11 9 14 -15 4 10 23 0 
-22 -13 -3 26 -15 4 10 23 0 
-26 -3 13 -27 2 7 18 -15 4 10 23 0 
-14 -3 11 15 -10 5 16 26 0 
-14 12 13 23 -10 5 16 26 0 
-22 -13 -3 -10 5 16 26 0 
-14 -3 11 15 -4 7 23 27 0 
-14 12 13 -4 7 23 27 0 
-26 -11 9 14 -4 7 23 27 0 
-26 -22 -4 7 23 27 0 
-22 -13 -3 26 -4 7 23 27 0 
-13 2 23 -14 3 10 15 0 
13 18 26 -14 3 10 15 0 
-9 -4 18 27 -14 3 10 15 0 
-23 -7 6 18 -26 -9 -8 -14 3 10 15 0 
-1 16 -27 2 7 18 -26 -9 -8 -14 3 10 15 0 
-26 -4 7 23 27 -14 3 10 15 0 
-18 -10 9 15 -16 -14 -5 12 0 
-13 2 23 -16 -14 -5 12 0 
3 13 18 26 -16 -14 -5 12 0 
-9 -4 18 27 -16 -14 -5 12 0 
-23 -7 6 18 -26 -9 -8 -16 -14 -5 12 0 
-13 -3 26 -15 4 10 23 -16 -14 -5 12 0 
-26 -4 7 23 27 -16 -14 -5 12 0 
-13 -3 26 -4 7 23 27 -16 -14 -5 12 0 
-13 2 23 -18 -14 -9 -3 0 
-26 -8 16 -18 -14 -9 -3 0 
-13 26 -15 4 10 23 -18 -14 -9 -3 0 
-13 -10 5 16 26 -18 -14 -9 -3 0 
-26 -4 7 23 27 -18 -14 -9 -3 0 
-13 26 -4 7 23 27 -18 -14 -9 -3 0 
-14 -13 2 -15 -8 -3 23 0 
-26 16 -15 -8 -3 23 0 
-9 -4 18 27 -15 -8 -3 23 0 
-6 14 21 -26 -9 -15 -8 -3 23 0 
-1 16 -27 2 7 18 -26 -9 -15 -8 -3 23 0 
-26 -4 7 -1 11 14 -15 -8 -3 23 0 
-13 26 -1 11 14 -15 -8 -3 23 0 
-13 26 4 10 -15 -8 -3 23 0 
-13 -10 5 16 26 -15 -8 -3 23 0 
-26 -4 7 27 -15 -8 -3 23 0 
-13 26 -4 7 27 -15 -8 -3 23 0 
-18 -10 9 15 -8 13 16 26 0 
3 18 -8 13 16 26 0 
-9 -4 18 27 -8 13 16 26 0 
-18 -10 9 15 -11 -5 26 27 0 
-14 -13 2 23 -11 -5 26 27 0 
3 13 18 -11 -5 26 27 0 
-9 -4 18 -11 -5 26 27 0 
-13 -3 -15 4 10 23 -11 -5 26 27 0 
-13 -3 -4 7 23 -11 -5 26 27 0 
-18 -10 9 15 -6 -3 14 21 -26 4 7 0 
-8 16 -6 -3 14 21 -26 4 7 0 
-9 -8 -6 -3 14 21 -26 4 7 0 
-1 16 -27 2 18 -9 -8 -6 -3 14 21 -26 4 7 0 
-14 -13 23 -1 16 -27 2 18 -26 4 7 0 
-8 -3 -1 16 -27 2 18 -26 4 7 0 
-6 -3 14 21 -9 -8 -1 16 -27 2 18 -26 4 7 0 
-9 -8 -1 16 -27 2 18 -26 4 7 0 
-26 -3 12 -18 9 13 15 0 
1 10 -14 -6 -3 26 -18 9 13 15 0 
-10 -5 27 -2 14 -18 9 13 15 0 
-10 -6 -3 14 -26 4 7 -18 9 13 15 0 
-8 16 -6 -3 14 -26 4 7 -18 9 13 15 0 
-26 -3 12 -18 -4 5 27 0 
-13 7 14 -18 -4 5 27 0 
1 10 -14 -6 -3 26 -18 -4 5 27 0 
-15 10 23 -2 13 14 -18 -4 5 27 0 
-6 14 -26 -9 -15 -8 -3 23 -18 -4 5 27 0 
-13 7 14 27 -23 -9 5 -26 -12 2 18 0 
-6 -3 -13 14 -23 -9 5 -26 -12 2 18 0 
-8 16 -6 -3 14 4 7 -23 -9 5 -26 -12 2 18 0 
-8 -6 -3 14 4 7 -23 -9 5 -26 -12 2 18 0 
-1 16 -27 -8 -6 -3 14 4 7 -23 -9 5 -26 -12 2 18 0 
-6 -3 14 -8 -1 16 -27 4 7 -23 -9 5 -26 -12 2 18 0 
-5 8 13 -12 2 18 -14 9 10 15 -26 -1 3 0 
-13 7 14 27 -23 -9 5 -26 -1 3 0 
-5 8 13 15 -12 2 18 -27 -16 -11 -7 -26 -1 3 0 
-15 10 23 -2 13 14 -27 -16 -11 -7 -26 -1 3 0 
-18 -16 -9 5 -26 -14 -13 2 0 
-3 11 15 -4 7 27 -26 -14 -13 2 0 
3 10 15 -26 -14 -13 2 0 
-4 7 27 3 10 15 -26 -14 -13 2 0 
-16 -5 12 -26 -14 -13 2 0 
-4 7 27 -16 -5 12 -26 -14 -13 2 0 
-18 -9 -3 -26 -14 -13 2 0 
-4 7 27 -18 -9 -3 -26 -14 -13 2 0 
-15 -8 -3 -26 -14 -13 2 0 
16 -15 -8 -3 -26 -14 -13 2 0 
-9 -4 18 27 -15 -8 -3 -26 -14 -13 2 0 
-1 16 -27 7 18 -9 -15 -8 -3 -26 -14 -13 2 0 
-4 7 27 -15 -8 -3 -26 -14 -13 2 0 
-1 16 -27 18 4 7 -26 -14 -13 2 0 
-18 -16 -9 5 -1 13 14 26 0 
2 6 18 -1 13 14 26 0 
9 10 27 -1 13 14 26 0 
-9 -4 18 27 -15 -8 -3 -1 13 14 26 0 
-15 10 -2 -18 -4 5 27 -1 13 14 26 0 
16 -15 -8 -3 -7 6 -13 -9 14 -26 -12 2 18 0 
-4 27 -15 -8 -3 -7 6 -13 -9 14 -26 -12 2 18 0 
-13 2 -7 6 18 -26 -9 -8 -14 3 10 15 0 
-13 2 -16 -5 12 -7 6 18 -26 -9 -8 -14 3 10 15 0 
13 -15 4 10 -7 6 18 -26 -9 -8 -16 -14 -5 12 0 
-13 2 3 10 15 -7 6 18 -26 -9 -8 -16 -14 -5 12 0 
-13 2 -7 6 18 -26 -9 -8 -16 -14 -5 12 0 
-13 2 -15 -3 -7 6 18 -26 -9 -8 -16 -14 -5 12 0 
-4 27 -15 -3 -7 6 18 -26 -9 -8 -16 -14 -5 12 0 
16 -15 -8 -3 -13 7 14 27 -9 5 -26 -12 2 18 0 
-4 -15 -8 -3 -13 7 14 27 -9 5 -26 -12 2 18 0 
-4 -1 11 -15 -8 -3 -13 7 14 27 -9 5 -26 -12 2 18 0 
-4 -15 -8 -3 -13 7 14 27 -9 5 -26 -12 2 18 0 
16 -15 -8 -6 -3 -13 14 -9 5 -26 -12 2 18 0 
-4 27 -15 -8 -6 -3 -13 14 -9 5 -26 -12 2 18 0 
-1 16 -27 7 -15 -8 -6 -3 -13 14 -9 5 -26 -12 2 18 0 
-4 7 -1 11 -15 -8 -6 -3 -13 14 -9 5 -26 -12 2 18 0 
-4 7 27 -15 -8 -6 -3 -13 14 -9 5 -26 -12 2 18 0 
13 -27 -15 10 -8 16 -6 -3 14 4 7 -9 5 -26 -12 2 18 0 
-15 -8 16 -6 -3 14 4 7 -9 5 -26 -12 2 18 0 
-1 -27 -15 -8 16 -6 -3 14 4 7 -9 5 -26 -12 2 18 0 
13 -27 -15 10 -8 -6 -3 14 4 7 -9 5 -26 -12 2 18 0 
16 -15 -8 -6 -3 14 4 7 -9 5 -26 -12 2 18 0 
-1 16 -27 -15 -8 -6 -3 14 4 7 -9 5 -26 -12 2 18 0 
13 -15 10 -1 16 -27 -8 -6 -3 14 4 7 -9 5 -26 -12 2 18 0 
-15 -1 16 -27 -8 -6 -3 14 4 7 -9 5 -26 -12 2 18 0 
-15 -1 16 -27 -8 -6 -3 14 4 7 -9 5 -26 -12 2 18 0 
13 -15 10 -6 -3 14 -8 -1 16 -27 4 7 -9 5 -26 -12 2 18 0 
-15 -6 -3 14 -8 -1 16 -27 4 7 -9 5 -26 -12 2 18 0 
-15 -6 -3 14 -8 -1 16 -27 4 7 -9 5 -26 -12 2 18 0 
-18 -16 -13 7 14 27 -9 5 -26 -1 3 0 
-9 -4 -16 -14 -5 12 -3 8 15 18 0 
-9 -4 -11 -5 26 -3 8 15 18 0 
11 -4 7 -26 -14 -13 2 -3 8 15 18 0 
-4 7 -16 -5 12 -26 -14 -13 2 -3 8 15 18 0 
9 10 -1 13 14 26 -3 8 15 18 0 
-9 -4 -14 3 10 15 -16 -11 -7 -26 -12 2 18 0 
-9 -4 -15 -8 -3 -14 -13 -16 -11 -7 -26 -12 2 18 0 
-4 -15 -8 -3 6 -13 -9 14 -16 -11 -7 -26 -12 2 18 0 
-4 -15 -8 -6 -3 -13 14 -9 5 -16 -11 -7 -26 -12 2 18 0 
-9 -4 -16 -14 -5 12 -15 -13 1 2 7 18 0 
-9 -4 -11 -5 26 -15 -13 1 2 7 18 0 
-4 -16 -5 12 -26 -14 -15 -13 1 2 7 18 0 
-9 -4 -8 -3 -26 -14 -15 -13 1 2 7 18 0 
-4 -8 -3 -26 -14 -15 -13 1 2 7 18 0 
16 -8 -3 14 -9 5 -26 -12 -15 -13 1 2 7 18 0 
-4 -8 -3 14 -9 5 -26 -12 -15 -13 1 2 7 18 0 
-4 -8 -3 14 -9 5 -26 -12 -15 -13 1 2 7 18 0 
-4 -8 -6 -3 14 -9 5 -26 -12 -15 -13 1 2 7 18 0 
-4 -8 -6 -3 14 -9 5 -26 -12 -15 -13 1 2 7 18 0 
-15 -8 -3 5 -1 16 7 -13 -9 14 -26 -12 2 18 0 
-4 -15 -8 -3 5 -1 16 7 -13 -9 14 -26 -12 2 18 0 
-4 11 -15 -8 -3 5 -1 16 7 -13 -9 14 -26 -12 2 18 0 
-4 -15 -8 -3 5 -1 16 7 -13 -9 14 -26 -12 2 18 0 
-4 -15 -8 -6 -3 5 -1 16 7 -13 -9 14 -26 -12 2 18 0 
-4 -15 -8 -6 -3 5 -1 16 7 -13 -9 14 -26 -12 2 18 0 
-4 -1 16 2 7 18 -26 -9 -8 -14 3 10 15 0 
-4 -13 -1 16 2 7 18 -26 -9 -8 -14 3 10 15 0 
-15 -13 14 -9 5 -12 -8 -3 -1 16 2 18 -26 4 7 0 
-15 -3 -13 14 5 -12 -9 -8 -1 16 2 18 -26 4 7 0 
-9 -4 -14 10 -5 8 13 15 -12 2 18 -16 -11 -7 -26 -1 3 0 
-4 -1 16 7 18 -9 -15 -8 -3 -26 -14 -13 2 0 
-4 -1 16 7 18 -9 -15 -8 -3 -26 -14 -13 2 0 
-1 16 7 -15 -8 -6 -3 -13 14 -9 5 -26 -12 2 18 0 
-4 -1 16 7 -15 -8 -6 -3 -13 14 -9 5 -26 -12 2 18 0 
-4 11 -1 16 7 -15 -8 -6 -3 -13 14 -9 5 -26 -12 2 18 0 
-4 -1 16 7 -15 -8 -6 -3 -13 14 -9 5 -26 -12 2 18 0 
-4 -1 16 7 -15 -8 -6 -3 -13 14 -9 5 -26 -12 2 18 0 
-4 -1 16 7 -15 -8 -6 -3 -13 14 -9 5 -26 -12 2 18 0 
-13 -1 -15 -8 16 -6 -3 14 4 7 -9 5 -26 -12 2 18 0 
-13 -1 16 -15 -8 -6 -3 14 4 7 -9 5 -26 -12 2 18 0 
-13 -15 -1 16 -8 -6 -3 14 4 7 -9 5 -26 -12 2 18 0 
-13 -15 -1 16 -8 -6 -3 14 4 7 -9 5 -26 -12 2 18 0 
-13 -15 -6 -3 14 -8 -1 16 4 7 -9 5 -26 -12 2 18 0 
-13 -15 -6 -3 14 -8 -1 16 4 7 -9 5 -26 -12 2 18 0 
4 10 -7 6 -26 -9 -8 -16 -5 12 -14 2 13 18 0 
-8 -3 -13 -14 9 10 -26 -12 2 18 0 
16 -8 -3 -13 -14 9 10 -26 -12 2 18 0 
-4 -8 -3 -13 1 7 -14 9 10 -26 -12 2 18 0 
-13 1 18 -6 -14 -3 11 -10 5 16 26 0 
-8 -3 -26 -13 2 -18 -10 9 -16 -14 -5 12 0 
-9 -4 -16 -5 12 1 7 18 3 10 -26 -14 -13 2 0 
-4 -16 -5 12 1 7 18 3 10 -26 -14 -13 2 0 
-13 1 -6 26 -9 -4 -16 -14 -5 12 -3 8 18 0 
-13 1 2 7 -9 -4 -16 -14 -5 12 -3 8 18 0 
-11 26 -13 1 2 7 -9 -4 -16 -14 -5 12 -3 8 18 0 
-26 -13 1 2 7 -9 -4 -16 -14 -5 12 -3 8 18 0 
-13 1 -14 -6 -9 -4 -11 -5 26 -3 8 18 0 
-16 -14 12 -13 1 2 7 -9 -4 -11 -5 26 -3 8 18 0 
-13 1 2 7 -9 -4 -11 -5 26 -3 8 18 0 
-9 -16 -5 12 1 11 -4 7 -26 -14 -13 2 -3 8 18 0 
-16 -5 12 1 11 -4 7 -26 -14 -13 2 -3 8 18 0 
-9 1 -4 7 -16 -5 12 -26 -14 -13 2 -3 8 18 0 
1 -4 7 -16 -5 12 -26 -14 -13 2 -3 8 18 0 
3 26 12 -16 -14 -5 13 0 
4 10 -7 6 -26 -9 -8 12 2 -16 -14 -5 13 0 
1 -6 11 -13 -10 5 16 26 -14 -9 -3 0 
-7 6 -8 -16 -5 12 -9 -3 -26 -14 -13 2 0 
1 7 -4 -16 -5 12 8 -9 -3 -26 -14 -13 2 0 
1 7 -4 -16 -5 12 8 -9 -3 -26 -14 -13 2 0 
-16 -5 12 1 11 -4 7 8 -9 -3 -26 -14 -13 2 0 
-16 -5 12 1 11 -4 7 8 -9 -3 -26 -14 -13 2 0 
1 -4 7 -16 -5 12 8 -9 -3 -26 -14 -13 2 0 
1 -4 7 -16 -5 12 8 -9 -3 -26 -14 -13 2 0 
2 6 -16 -9 5 -1 13 14 26 0 
