-18 -16 -14 -5 13 0 
-14 2 13 15 18 0 
-14 9 10 15 19 0 
-17 -13 -9 14 19 0 
-18 -14 -9 -8 19 0 
-1 2 16 17 20 0 
-15 -13 1 18 20 0 
-21 -18 9 13 15 0 
-6 -3 14 17 21 0 
-5 8 13 15 19 21 0 
-22 -18 -10 9 15 0 
-14 3 10 15 22 0 
-16 -14 -5 12 22 0 
-18 -14 -9 -3 22 0 
-23 -7 6 17 18 0 
-23 -21 -9 5 19 0 
-18 -16 -9 5 23 0 
-22 -14 -13 2 23 0 
-15 -8 -3 22 23 0 
-2 13 14 21 24 0 
-24 -15 -14 -13 0 
-24 -23 -18 2 12 0 
-24 -15 10 13 23 0 
-25 -15 -1 11 14 0 
-25 -15 4 10 23 0 
-14 -3 11 15 25 0 
-14 12 13 23 25 0 
-26 -19 -12 2 18 0 
-26 -21 -19 -1 3 0 
-26 -18 -3 12 21 0 
-26 -22 -8 -3 16 0 
-26 -22 -17 -9 -8 0 
-26 -17 4 7 22 0 
-26 -23 -14 -13 2 0 
-26 -11 9 14 25 0 
-26 -3 13 20 25 0 
-26 -22 -4 7 25 0 
-20 -14 -6 -3 26 0 
1 10 20 21 26 0 
-22 3 13 18 26 0 
-8 13 16 22 26 0 
-23 -1 13 14 26 0 
2 6 18 23 26 0 
-25 -10 5 16 26 0 
-11 8 17 25 26 0 
-22 -13 -3 25 26 0 
-27 -3 8 15 18 0 
-27 -16 -11 -7 19 0 
-27 -20 2 7 18 0 
-21 -18 -4 5 27 0 
-13 7 14 21 27 0 
-22 -9 -4 18 27 0 
-23 2 3 20 27 0 
-24 -10 -5 15 27 0 
-25 -4 7 23 27 0 
-11 -5 22 26 27 0 
9 10 23 26 27 0 
-18 -14 -5 13 -1 2 17 20 0 
-14 -5 12 22 -1 2 17 20 0 
-18 -9 5 23 -1 2 17 20 0 
-27 -11 -7 19 -1 2 17 20 0 
-18 -14 -5 13 -26 -22 -8 -3 0 
-18 -9 5 23 -26 -22 -8 -3 0 
-27 -11 -7 19 -26 -22 -8 -3 0 
-18 -14 -5 -8 13 22 26 0 
-14 -5 12 -8 13 22 26 0 
-18 -9 5 23 -8 13 22 26 0 
-27 -11 -7 19 -8 13 22 26 0 
-18 -9 23 -25 -10 5 26 0 
-27 -11 -7 19 -25 -10 5 26 0 
-14 9 10 15 -26 -12 2 18 0 
-17 -13 -9 14 -26 -12 2 18 0 
-5 8 13 15 21 -26 -12 2 18 0 
-23 -21 -9 5 -26 -12 2 18 0 
-27 -11 -7 -1 17 20 -26 -12 2 18 0 
-27 -11 -7 -22 -8 -3 -26 -12 2 18 0 
-14 9 10 15 -26 -21 -1 3 0 
-17 -13 -9 14 -26 -21 -1 3 0 
-18 -14 -9 -8 -26 -21 -1 3 0 
-23 -9 5 -26 -21 -1 3 0 
-27 -11 -7 2 17 20 -26 -21 -1 3 0 
-15 10 23 -2 13 14 21 0 
-10 -5 15 27 -2 13 14 21 0 
-6 -3 14 21 -26 -22 -9 -8 0 
-23 -7 6 18 -26 -22 -9 -8 0 
-18 -14 -5 13 -1 2 20 -26 -22 -9 -8 0 
-18 5 23 -1 2 20 -26 -22 -9 -8 0 
-27 -11 -7 -1 20 -12 2 18 -26 -22 -9 -8 0 
-27 -11 -7 2 20 -21 -1 3 -26 -22 -9 -8 0 
-6 -3 14 21 -26 4 7 22 0 
-18 -14 -5 13 -1 2 20 -26 4 7 22 0 
-14 -5 12 -1 2 20 -26 4 7 22 0 
-18 -9 5 23 -1 2 20 -26 4 7 22 0 
-6 -3 21 -13 -9 14 -26 -12 2 18 0 
-23 -7 6 -13 -9 14 -26 -12 2 18 0 
-27 -11 -7 -1 20 -13 -9 14 -26 -12 2 18 0 
-27 -11 -7 20 -21 -1 3 -13 -9 14 -26 -12 2 18 0 
-23 -7 6 18 -13 -9 14 -26 -21 -1 3 0 
-18 5 23 2 20 -13 -9 14 -26 -21 -1 3 0 
-27 -11 -7 20 -12 2 18 -13 -9 14 -26 -21 -1 3 0 
-27 -11 -7 2 20 -13 -9 14 -26 -21 -1 3 0 
-26 -3 13 20 -15 -1 11 14 0 
-26 -22 -4 7 -15 -1 11 14 0 
-22 -13 -3 26 -15 -1 11 14 0 
-14 12 13 -15 4 10 23 0 
-26 -11 9 14 -15 4 10 23 0 
-26 -3 13 20 -15 4 10 23 0 
-22 -13 -3 26 -15 4 10 23 0 
-14 -3 11 15 -4 7 23 27 0 
-14 12 13 -4 7 23 27 0 
-26 -11 9 14 -4 7 23 27 0 
-26 -3 13 20 -4 7 23 27 0 
-26 -22 -4 7 23 27 0 
-22 -13 -3 26 -4 7 23 27 0 
-14 -3 11 15 -18 -9 23 -10 5 26 0 
-14 12 13 -18 -9 23 -10 5 26 0 
-22 -13 -3 -18 -9 23 -10 5 26 0 
9 13 15 -26 -18 -3 12 0 
-4 5 27 -26 -18 -3 12 0 
-18 9 13 15 1 10 20 26 0 
-18 -4 5 27 1 10 20 26 0 
-18 -4 5 -13 7 14 27 0 
-23 -9 5 -26 -12 2 18 -13 7 14 27 0 
-23 -9 5 -26 -1 3 -13 7 14 27 0 
-18 5 23 2 20 -9 -26 -1 3 -13 7 14 27 0 
-14 9 10 -1 3 -5 8 13 15 -26 -12 2 18 0 
-18 -4 5 27 -15 10 23 -2 13 14 0 
-18 9 -10 -5 15 27 -2 13 14 0 
-18 -4 5 27 -6 -3 14 -26 -22 -9 -8 0 
-23 5 -12 2 18 -6 -3 14 -26 -22 -9 -8 0 
-18 9 13 15 -6 -3 14 -26 4 7 22 0 
-23 -9 5 -12 2 18 -6 -3 14 -26 4 7 22 0 
-23 5 -6 -3 -13 -9 14 -26 -12 2 18 0 
