-18 -16 -14 -5 13 0 
-14 2 13 15 18 0 
-14 9 10 15 19 0 
-17 -13 -9 14 19 0 
-18 -14 -9 -8 19 0 
-1 2 16 17 20 0 
-15 -13 1 18 20 0 
-21 -18 9 13 15 0 
-6 -3 14 17 21 0 
-5 8 13 15 19 21 0 
-22 -18 -10 9 15 0 
-14 3 10 15 22 0 
-16 -14 -5 12 22 0 
-18 -14 -9 -3 22 0 
-23 -7 6 17 18 0 
-23 -21 -9 5 19 0 
-18 -16 -9 5 23 0 
-22 -14 -13 2 23 0 
-15 -8 -3 22 23 0 
-2 13 14 21 24 0 
-24 -15 -14 -13 0 
-24 -23 -18 2 12 0 
-24 -15 10 13 23 0 
-25 -15 -1 11 14 0 
-25 -15 4 10 23 0 
-14 -3 11 15 25 0 
-14 12 13 23 25 0 
-26 -19 -12 2 18 0 
-26 -21 -19 -1 3 0 
-26 -18 -3 12 21 0 
-26 -22 -8 -3 16 0 
-26 -22 -17 -9 -8 0 
-26 -17 4 7 22 0 
-26 -23 -14 -13 2 0 
-26 -11 9 14 25 0 
-26 -3 13 20 25 0 
-26 -22 -4 7 25 0 
-20 -14 -6 -3 26 0 
1 10 20 21 26 0 
-22 3 13 18 26 0 
-8 13 16 22 26 0 
-23 -1 13 14 26 0 
2 6 18 23 26 0 
-25 -10 5 16 26 0 
-11 8 17 25 26 0 
-22 -13 -3 25 26 0 
-27 -3 8 15 18 0 
-27 -16 -11 -7 19 0 
-27 -20 2 7 18 0 
-21 -18 -4 5 27 0 
-13 7 14 21 27 0 
-22 -9 -4 18 27 0 
-23 2 3 20 27 0 
-24 -10 -5 15 27 0 
-25 -4 7 23 27 0 
-11 -5 22 26 27 0 
9 10 23 26 27 0 
-18 -14 -5 13 -1 2 17 20 0 
-14 -5 12 22 -1 2 17 20 0 
-18 -9 5 23 -1 2 17 20 0 
-27 -11 -7 19 -1 2 17 20 0 
-18 -14 -5 13 -26 -22 -8 -3 0 
-18 -9 5 23 -26 -22 -8 -3 0 
-27 -11 -7 19 -26 -22 -8 -3 0 
-18 -14 -5 -8 13 22 26 0 
-14 -5 12 -8 13 22 26 0 
-18 -9 5 23 -8 13 22 26 0 
-27 -11 -7 19 -8 13 22 26 0 
-18 -9 23 -25 -10 5 26 0 
-27 -11 -7 19 -25 -10 5 26 0 
-14 9 10 15 -26 -12 2 18 0 
-17 -13 -9 14 -26 -12 2 18 0 
-5 8 13 15 21 -26 -12 2 18 0 
-23 -21 -9 5 -26 -12 2 18 0 
-27 -11 -7 -1 17 20 -26 -12 2 18 0 
-27 -11 -7 -22 -8 -3 -26 -12 2 18 0 
-14 9 10 15 -26 -21 -1 3 0 
-17 -13 -9 14 -26 -21 -1 3 0 
-18 -14 -9 -8 -26 -21 -1 3 0 
-23 -9 5 -26 -21 -1 3 0 
-27 -11 -7 2 17 20 -26 -21 -1 3 0 
-15 -13 1 18 -14 -6 -3 26 0 
1 10 21 -14 -6 -3 26 0 
-18 -5 13 -1 2 17 -14 -6 -3 26 0 
-5 12 22 -1 2 17 -14 -6 -3 26 0 
-18 -9 5 23 -1 2 17 -14 -6 -3 26 0 
-15 -13 1 -27 2 7 18 0 
-26 -3 13 25 -27 2 7 18 0 
1 10 21 26 -27 2 7 18 0 
-14 -5 12 22 -1 17 -27 2 7 18 0 
-26 -22 -4 7 -15 -1 11 14 0 
-22 -13 -3 26 -15 -1 11 14 0 
-26 -3 13 -27 2 7 18 -15 -1 11 14 0 
-14 12 13 -15 4 10 23 0 
-26 -11 9 14 -15 4 10 23 0 
-11 8 17 26 -15 4 10 23 0 
-22 -13 -3 26 -15 4 10 23 0 
-26 -3 13 -27 2 7 18 -15 4 10 23 0 
-14 -3 11 15 -4 7 23 27 0 
-14 12 13 -4 7 23 27 0 
-26 -11 9 14 -4 7 23 27 0 
-26 -22 -4 7 23 27 0 
-11 8 17 26 -4 7 23 27 0 
-22 -13 -3 26 -4 7 23 27 0 
-14 -3 11 15 -18 -9 23 -10 5 26 0 
-14 12 13 -18 -9 23 -10 5 26 0 
-11 8 17 -18 -9 23 -10 5 26 0 
-22 -13 -3 -18 -9 23 -10 5 26 0 
-6 -3 14 21 -26 -22 -9 -8 0 
-23 -7 6 18 -26 -22 -9 -8 0 
-6 -3 14 21 -26 4 7 22 0 
-14 -5 12 -1 -27 2 18 -26 4 7 22 0 
-6 -3 21 -13 -9 14 -26 -12 2 18 0 
-23 -7 6 -13 -9 14 -26 -12 2 18 0 
-23 -7 6 18 -13 -9 14 -26 -21 -1 3 0 
-2 14 24 -18 9 13 15 0 
-26 -3 12 -18 9 13 15 0 
1 10 -14 -6 -3 26 -18 9 13 15 0 
-6 -3 14 -26 4 7 22 -18 9 13 15 0 
-2 13 14 24 -18 -4 5 27 0 
-26 -3 12 -18 -4 5 27 0 
-13 7 14 -18 -4 5 27 0 
1 10 -14 -6 -3 26 -18 -4 5 27 0 
-6 -3 14 -26 -22 -9 -8 -18 -4 5 27 0 
-13 7 14 27 -23 -9 5 -26 -12 2 18 0 
-6 -3 14 -22 -8 -23 -9 5 -26 -12 2 18 0 
-6 -3 14 4 7 22 -23 -9 5 -26 -12 2 18 0 
-6 -3 -13 14 -23 -9 5 -26 -12 2 18 0 
-5 8 13 -12 2 18 -14 9 10 15 -26 -1 3 0 
-2 13 14 24 -23 -9 5 -26 -1 3 0 
-13 7 14 27 -23 -9 5 -26 -1 3 0 
-14 2 13 18 -8 -3 22 23 0 
-24 -10 -5 27 -8 -3 22 23 0 
-14 9 10 -26 -12 2 18 -8 -3 22 23 0 
-14 11 -4 7 27 -8 -3 22 23 0 
-14 11 -18 -9 -10 5 26 -8 -3 22 23 0 
-2 14 24 -18 9 13 -8 -3 22 23 0 
-26 12 -18 9 13 -8 -3 22 23 0 
1 10 -14 -6 26 -18 9 13 -8 -3 22 23 0 
-6 14 -26 4 7 -18 9 13 -8 -3 22 23 0 
-22 -18 -10 9 -24 -14 -13 0 
3 10 22 -24 -14 -13 0 
-27 -3 8 18 -24 -14 -13 0 
-10 -5 27 -24 -14 -13 0 
9 10 -26 -12 2 18 -24 -14 -13 0 
-3 11 -4 7 23 27 -24 -14 -13 0 
-3 11 -18 -9 23 -10 5 26 -24 -14 -13 0 
-14 2 18 -24 10 13 23 0 
-14 3 22 -24 10 13 23 0 
-27 -3 8 18 -24 10 13 23 0 
-14 9 -26 -12 2 18 -24 10 13 23 0 
-14 -3 11 -4 7 27 -24 10 13 23 0 
-26 -3 12 -18 9 -24 10 13 23 0 
1 -14 -6 -3 26 -18 9 -24 10 13 23 0 
-6 -3 14 -26 4 7 22 -18 9 -24 10 13 23 0 
-5 8 -12 2 18 -14 9 -26 -1 3 -24 10 13 23 0 
-27 8 -13 1 18 -14 -6 -3 26 0 
-24 -10 -5 27 -13 1 18 -14 -6 -3 26 0 
11 -4 7 23 27 -13 1 18 -14 -6 -3 26 0 
-14 3 10 22 -13 1 -27 2 7 18 0 
-3 8 -13 1 -27 2 7 18 0 
-14 9 10 -26 -12 -13 1 -27 2 7 18 0 
-18 -10 9 -26 -22 -4 7 -1 11 14 0 
-27 -3 8 18 -26 -22 -4 7 -1 11 14 0 
-24 -10 -5 27 -26 -22 -4 7 -1 11 14 0 
-2 24 -18 9 13 -26 -22 -4 7 -1 11 14 0 
-3 12 -18 9 13 -26 -22 -4 7 -1 11 14 0 
-18 -10 9 -22 -13 -3 26 -1 11 14 0 
-27 8 18 -22 -13 -3 26 -1 11 14 0 
-24 -10 -5 27 -22 -13 -3 26 -1 11 14 0 
8 -26 -3 13 -27 2 7 18 -1 11 14 0 
2 18 -14 12 13 4 10 23 0 
3 22 -14 12 13 4 10 23 0 
-27 -3 8 18 -14 12 13 4 10 23 0 
-26 -3 -18 9 -14 12 13 4 10 23 0 
1 -6 -3 26 -18 9 -14 12 13 4 10 23 0 
-27 -3 8 18 -26 -11 9 14 4 10 23 0 
-2 24 -18 13 -26 -11 9 14 4 10 23 0 
-3 12 -18 13 -26 -11 9 14 4 10 23 0 
-6 -3 7 22 -18 13 -26 -11 9 14 4 10 23 0 
-27 8 18 -22 -13 -3 26 4 10 23 0 
-14 -26 -3 13 -27 2 7 18 4 10 23 0 
8 -26 -3 13 -27 2 7 18 4 10 23 0 
-14 9 -12 -26 -3 13 -27 2 7 18 4 10 23 0 
-9 -4 -11 -7 -22 -8 -3 -26 -12 2 18 0 
-10 -5 -24 -14 -13 -11 -7 -22 -8 -3 -26 -12 2 18 0 
-24 -10 -8 -3 23 -14 -5 12 -1 2 18 -26 4 7 22 0 
-10 -24 -13 -14 -5 12 -1 2 18 -26 4 7 22 0 
-22 -9 -4 -3 8 18 -24 -14 -13 0 
-11 -5 22 26 -3 8 18 -24 -14 -13 0 
9 10 23 26 -3 8 18 -24 -14 -13 0 
-26 -22 -4 7 23 -3 8 18 -24 -14 -13 0 
-22 26 -4 7 23 -3 8 18 -24 -14 -13 0 
-10 -5 -3 8 18 -24 -14 -13 0 
11 -4 7 23 -3 8 18 -24 -14 -13 0 
-10 -5 1 -6 26 -3 8 18 -24 -14 -13 0 
11 -4 7 23 1 -6 26 -3 8 18 -24 -14 -13 0 
-22 -9 -4 -3 8 18 -24 10 13 23 0 
-11 -5 22 26 -3 8 18 -24 10 13 23 0 
9 26 -3 8 18 -24 10 13 23 0 
-14 12 -4 7 -3 8 18 -24 10 13 23 0 
-26 -11 9 14 -4 7 -3 8 18 -24 10 13 23 0 
-26 -22 -4 7 -3 8 18 -24 10 13 23 0 
-14 11 -4 7 -3 8 18 -24 10 13 23 0 
-22 -9 -4 8 -13 1 18 -14 -6 -3 26 0 
-11 -5 22 8 -13 1 18 -14 -6 -3 26 0 
9 10 23 8 -13 1 18 -14 -6 -3 26 0 
-22 -4 7 23 8 -13 1 18 -14 -6 -3 26 0 
-10 -5 -24 8 -13 1 18 -14 -6 -3 26 0 
11 -4 7 23 -24 8 -13 1 18 -14 -6 -3 26 0 
-24 -10 -5 8 -13 1 18 -14 -6 -3 26 0 
11 -4 7 23 8 -13 1 18 -14 -6 -3 26 0 
-11 -5 26 -14 3 10 22 -13 1 2 7 18 0 
9 23 26 -14 3 10 22 -13 1 2 7 18 0 
-22 -9 -4 -3 8 -13 1 2 7 18 0 
-11 -5 22 26 -3 8 -13 1 2 7 18 0 
9 10 23 26 -3 8 -13 1 2 7 18 0 
-26 -11 9 14 -4 23 -3 8 -13 1 2 7 18 0 
-26 -22 -4 23 -3 8 -13 1 2 7 18 0 
-22 26 -4 23 -3 8 -13 1 2 7 18 0 
14 -23 -9 5 -26 -12 -3 8 -13 1 2 7 18 0 
-10 -5 -24 -14 -3 8 -13 1 2 7 18 0 
11 -4 23 -24 -14 -3 8 -13 1 2 7 18 0 
-24 -10 -5 -14 -6 26 -3 8 -13 1 2 7 18 0 
11 -4 23 -14 -6 26 -3 8 -13 1 2 7 18 0 
-22 -4 23 -14 9 10 -26 -12 -13 1 2 7 18 0 
11 -4 -8 -3 22 23 -14 9 10 -26 -12 -13 1 2 7 18 0 
-3 11 -4 23 -24 -14 9 10 -26 -12 -13 1 2 7 18 0 
-9 -3 8 18 -26 -22 -4 7 -1 11 14 0 
23 -3 8 18 -26 -22 -4 7 -1 11 14 0 
-13 -23 -9 5 -12 2 -3 8 18 -26 -22 -4 7 -1 11 14 0 
-24 -10 -5 -3 8 18 -26 -22 -4 7 -1 11 14 0 
-9 -4 8 18 -22 -13 -3 26 -1 11 14 0 
9 10 23 8 18 -22 -13 -3 26 -1 11 14 0 
-4 7 23 8 18 -22 -13 -3 26 -1 11 14 0 
-24 -10 -5 8 18 -22 -13 -3 26 -1 11 14 0 
-22 -9 -4 8 -26 -3 13 2 7 18 -1 11 14 0 
-22 -4 23 8 -26 -3 13 2 7 18 -1 11 14 0 
-24 -10 -5 -22 -4 8 -26 -3 13 2 7 18 -1 11 14 0 
-11 -5 22 26 -3 8 18 -14 12 13 4 10 23 0 
9 26 -3 8 18 -14 12 13 4 10 23 0 
9 8 18 -22 -13 -3 26 4 10 23 0 
-22 -14 -13 -24 -18 2 12 0 
-9 5 -26 -22 -8 -3 -24 -18 2 12 0 
-9 5 -8 13 22 26 -24 -18 2 12 0 
-14 13 -9 -10 5 26 -24 -18 2 12 0 
-22 -13 -3 -9 -10 5 26 -24 -18 2 12 0 
-14 11 -9 -10 5 26 -8 -3 22 -24 -18 2 12 0 
-26 9 13 -8 -3 22 -24 -18 2 12 0 
1 10 -14 -6 26 9 13 -8 -3 22 -24 -18 2 12 0 
-6 14 -26 4 7 9 13 -8 -3 22 -24 -18 2 12 0 
-3 11 -9 -10 5 26 -14 -13 -24 -18 2 12 0 
-14 3 22 10 13 -24 -18 2 12 0 
-26 -3 9 10 13 -24 -18 2 12 0 
1 -14 -6 -3 26 9 10 13 -24 -18 2 12 0 
-6 -3 14 -26 4 7 22 9 10 13 -24 -18 2 12 0 
3 22 -14 13 4 10 -24 -18 2 12 0 
-26 -3 9 -14 13 4 10 -24 -18 2 12 0 
1 -6 -3 26 9 -14 13 4 10 -24 -18 2 12 0 
-3 13 -26 -11 9 14 4 10 -24 -18 2 12 0 
-6 -3 7 22 13 -26 -11 9 14 4 10 -24 -18 2 12 0 
-22 -26 -14 -13 2 0 
-18 -9 5 -22 -8 -3 -26 -14 -13 2 0 
9 10 -12 18 -8 -3 22 -26 -14 -13 2 0 
-24 -10 -8 -3 -5 12 -1 18 4 7 22 -26 -14 -13 2 0 
-22 -4 7 -3 8 18 -24 -26 -14 -13 2 0 
11 -4 7 -3 8 18 -24 -26 -14 -13 2 0 
-22 -4 -3 8 1 7 18 -26 -14 -13 2 0 
11 -4 -24 -3 8 1 7 18 -26 -14 -13 2 0 
-22 -4 9 10 -12 1 7 18 -26 -14 -13 2 0 
11 -4 -8 -3 22 9 10 -12 1 7 18 -26 -14 -13 2 0 
-3 11 -4 -24 9 10 -12 1 7 18 -26 -14 -13 2 0 
2 6 18 -1 13 14 26 0 
-18 -9 5 -8 22 -1 13 14 26 0 
-2 24 -18 9 -8 -3 22 -1 13 14 26 0 
-22 -9 -4 -3 8 18 -24 10 -1 13 14 26 0 
-11 -5 22 -3 8 18 -24 10 -1 13 14 26 0 
9 -3 8 18 -24 10 -1 13 14 26 0 
-14 -13 2 -7 6 18 -26 -22 -9 -8 0 
-14 2 -24 10 13 -7 6 18 -26 -22 -9 -8 0 
2 -14 12 13 4 10 -7 6 18 -26 -22 -9 -8 0 
-22 -4 8 1 7 -6 -3 -13 14 -9 5 -26 -12 2 18 0 
8 -22 -4 7 -1 11 -6 -3 -13 14 -9 5 -26 -12 2 18 0 
-22 -4 14 -9 5 -26 -12 -3 8 -13 1 2 7 18 0 
-13 -9 5 -12 2 -3 8 18 -26 -22 -4 7 -1 11 14 0 
-5 13 -26 -8 -18 -14 -9 -3 0 
-13 -24 2 12 -18 -14 -9 -3 0 
5 -26 -8 -24 2 12 -18 -14 -9 -3 0 
-13 -10 5 26 -24 2 12 -18 -14 -9 -3 0 
-26 -13 2 -18 -14 -9 -3 0 
5 -8 -26 -13 2 -18 -14 -9 -3 0 
3 18 -14 -5 12 -8 13 26 0 
-18 2 12 3 10 -24 -14 -13 0 
-26 2 3 10 -24 -14 -13 0 
-4 9 -12 1 7 18 -26 2 3 10 -24 -14 -13 0 
2 -7 6 18 -26 -9 -8 3 10 -24 -14 -13 0 
-10 -24 -13 -14 -5 12 -1 2 18 -26 4 7 0 
-9 -4 -11 -5 26 -3 8 18 -24 -14 -13 0 
-9 -4 1 -6 -11 -5 26 -3 8 18 -24 -14 -13 0 
-9 -4 1 2 7 -11 -5 26 -3 8 18 -24 -14 -13 0 
-9 -4 -24 -11 -5 8 -13 1 18 -14 -6 -3 26 0 
-9 -4 -11 -5 8 -13 1 18 -14 -6 -3 26 0 
-9 -4 2 7 -11 -5 8 -13 1 18 -14 -6 -3 26 0 
-9 -4 -24 -14 -11 -5 26 -3 8 -13 1 2 7 18 0 
-9 -4 -14 -6 -11 -5 26 -3 8 -13 1 2 7 18 0 
-9 -4 -11 -5 26 -3 8 -13 1 2 7 18 0 
-13 -14 11 -9 -10 5 26 -8 -3 -24 -18 2 12 0 
-13 -14 11 -9 -10 5 26 -8 -3 -24 -18 2 12 0 
-14 -5 -26 9 13 -8 -3 -24 -18 2 12 0 
-10 -4 7 -1 11 14 -26 9 13 -8 -3 -24 -18 2 12 0 
-4 7 -1 11 14 -26 9 13 -8 -3 -24 -18 2 12 0 
9 10 -12 18 -8 -3 -26 -14 -13 2 0 
-4 1 7 9 10 -12 18 -8 -3 -26 -14 -13 2 0 
-24 -10 -8 -3 -5 12 -1 18 4 7 -26 -14 -13 2 0 
11 -4 -8 -3 9 10 -12 1 7 18 -26 -14 -13 2 0 
11 -4 -8 -3 9 10 -12 1 7 18 -26 -14 -13 2 0 
-9 -4 -11 -5 -3 8 18 -24 10 -1 13 14 26 0 
