-18 -16 -14 -5 13 0 
-14 2 13 15 18 0 
-14 9 10 15 19 0 
-17 -13 -9 14 19 0 
-18 -14 -9 -8 19 0 
-1 2 16 17 20 0 
-15 -13 1 18 20 0 
-21 -18 9 13 15 0 
-6 -3 14 17 21 0 
-5 8 13 15 19 21 0 
-22 -18 -10 9 15 0 
-14 3 10 15 22 0 
-16 -14 -5 12 22 0 
-18 -14 -9 -3 22 0 
-23 -7 6 17 18 0 
-23 -21 -9 5 19 0 
-18 -16 -9 5 23 0 
-22 -14 -13 2 23 0 
-15 -8 -3 22 23 0 
-2 13 14 21 24 0 
-24 -15 -14 -13 0 
-24 -23 -18 2 12 0 
-24 -15 10 13 23 0 
-25 -15 -1 11 14 0 
-25 -15 4 10 23 0 
-14 -3 11 15 25 0 
-14 12 13 23 25 0 
-26 -19 -12 2 18 0 
-26 -21 -19 -1 3 0 
-26 -18 -3 12 21 0 
-26 -22 -8 -3 16 0 
-26 -22 -17 -9 -8 0 
-26 -17 4 7 22 0 
-26 -23 -14 -13 2 0 
-26 -11 9 14 25 0 
-26 -3 13 20 25 0 
-26 -22 -4 7 25 0 
-20 -14 -6 -3 26 0 
1 10 20 21 26 0 
-22 3 13 18 26 0 
-8 13 16 22 26 0 
-23 -1 13 14 26 0 
2 6 18 23 26 0 
-25 -10 5 16 26 0 
-11 8 17 25 26 0 
-22 -13 -3 25 26 0 
-27 -3 8 15 18 0 
-27 -16 -11 -7 19 0 
-27 -20 2 7 18 0 
-21 -18 -4 5 27 0 
-13 7 14 21 27 0 
-22 -9 -4 18 27 0 
-23 2 3 20 27 0 
-24 -10 -5 15 27 0 
-25 -4 7 23 27 0 
-11 -5 22 26 27 0 
9 10 23 26 27 0 
-18 -14 -5 13 -1 2 17 20 0 
-14 -5 12 22 -1 2 17 20 0 
-18 -9 5 23 -1 2 17 20 0 
-27 -11 -7 19 -1 2 17 20 0 
-18 -14 -5 13 -26 -22 -8 -3 0 
-18 -9 5 23 -26 -22 -8 -3 0 
-27 -11 -7 19 -26 -22 -8 -3 0 
-18 -14 -5 -8 13 22 26 0 
-14 -5 12 -8 13 22 26 0 
-18 -9 5 23 -8 13 22 26 0 
-27 -11 -7 19 -8 13 22 26 0 
-18 -9 23 -25 -10 5 26 0 
-27 -11 -7 19 -25 -10 5 26 0 
-14 9 10 15 -26 -12 2 18 0 
-17 -13 -9 14 -26 -12 2 18 0 
-5 8 13 15 21 -26 -12 2 18 0 
-23 -21 -9 5 -26 -12 2 18 0 
-27 -11 -7 -1 17 20 -26 -12 2 18 0 
-27 -11 -7 -22 -8 -3 -26 -12 2 18 0 
-14 9 10 15 -26 -21 -1 3 0 
-17 -13 -9 14 -26 -21 -1 3 0 
-18 -14 -9 -8 -26 -21 -1 3 0 
-23 -9 5 -26 -21 -1 3 0 
-27 -11 -7 2 17 20 -26 -21 -1 3 0 
-15 10 23 -2 13 14 21 0 
-10 -5 15 27 -2 13 14 21 0 
-15 -13 1 18 -14 -6 -3 26 0 
1 10 21 -14 -6 -3 26 0 
-18 -5 13 -1 2 17 -14 -6 -3 26 0 
-5 12 22 -1 2 17 -14 -6 -3 26 0 
-18 -9 5 23 -1 2 17 -14 -6 -3 26 0 
-15 -13 1 -27 2 7 18 0 
-26 -3 13 25 -27 2 7 18 0 
1 10 21 26 -27 2 7 18 0 
-14 -5 12 22 -1 17 -27 2 7 18 0 
-6 -3 14 21 -26 -22 -9 -8 0 
-23 -7 6 18 -26 -22 -9 -8 0 
-6 -3 14 21 -26 4 7 22 0 
-14 -5 12 -1 -27 2 18 -26 4 7 22 0 
-6 -3 21 -13 -9 14 -26 -12 2 18 0 
-23 -7 6 -13 -9 14 -26 -12 2 18 0 
-23 -7 6 18 -13 -9 14 -26 -21 -1 3 0 
-14 2 13 18 -8 -3 22 23 0 
-21 -18 9 13 -8 -3 22 23 0 
-14 11 25 -8 -3 22 23 0 
-14 9 10 -26 -12 2 18 -8 -3 22 23 0 
-10 -5 27 -2 13 14 21 -8 -3 22 23 0 
-21 -18 9 13 -25 -1 11 14 0 
-22 -18 -10 9 -25 -1 11 14 0 
-27 -3 8 18 -25 -1 11 14 0 
-5 8 13 21 -26 -12 2 18 -25 -1 11 14 0 
-10 -5 27 -2 13 21 -25 -1 11 14 0 
-14 2 13 18 -25 4 10 23 0 
-21 -18 9 13 -25 4 10 23 0 
-14 3 22 -25 4 10 23 0 
-27 -3 8 18 -25 4 10 23 0 
-14 9 -26 -12 2 18 -25 4 10 23 0 
-5 8 13 21 -26 -12 2 18 -25 4 10 23 0 
-14 9 -26 -21 -1 3 -25 4 10 23 0 
-27 -3 8 18 10 23 -2 13 14 21 0 
11 25 -13 1 18 -14 -6 -3 26 0 
-27 8 -13 1 18 -14 -6 -3 26 0 
-14 3 10 22 -13 1 -27 2 7 18 0 
-14 -3 11 25 -13 1 -27 2 7 18 0 
-3 8 -13 1 -27 2 7 18 0 
-14 9 10 -26 -12 -13 1 -27 2 7 18 0 
1 10 26 2 18 -13 7 14 21 0 
-3 8 18 -25 -1 11 -13 7 14 21 0 
-3 8 18 -25 4 10 23 -13 7 14 21 0 
-3 8 1 2 18 -13 7 14 21 0 
-11 -7 -8 -3 -26 -12 2 -22 -9 -4 18 0 
-26 -3 13 25 2 7 -22 -9 -4 18 0 
1 10 21 26 2 7 -22 -9 -4 18 0 
-3 8 -25 -1 11 14 -22 -9 -4 18 0 
-3 8 10 23 -2 13 14 21 -22 -9 -4 18 0 
8 -13 1 -14 -6 -3 26 -22 -9 -4 18 0 
-14 -3 11 25 -13 1 2 7 -22 -9 -4 18 0 
-3 8 -13 1 2 7 -22 -9 -4 18 0 
1 10 21 26 2 18 -25 -4 7 23 0 
-3 8 18 -1 11 14 -25 -4 7 23 0 
-3 8 18 10 -2 13 14 21 -25 -4 7 23 0 
8 -13 1 18 -14 -6 -3 26 -25 -4 7 23 0 
-14 3 10 22 -13 1 2 18 -25 -4 7 23 0 
-3 8 -13 1 2 18 -25 -4 7 23 0 
-14 9 10 -26 -12 -13 1 2 18 -25 -4 7 23 0 
1 10 21 2 7 18 -11 -5 22 26 0 
-3 8 18 -25 4 10 23 -11 -5 22 26 0 
-3 8 18 10 23 -2 13 14 21 -11 -5 22 26 0 
8 -13 1 18 -14 -6 -3 -11 -5 22 26 0 
-14 3 10 -13 1 2 7 18 -11 -5 22 26 0 
-3 8 -13 1 2 7 18 -11 -5 22 26 0 
1 21 2 7 18 9 10 23 26 0 
-3 8 18 -25 -1 11 14 9 10 23 26 0 
-3 8 18 -25 4 9 10 23 26 0 
-3 8 18 -2 13 14 21 9 10 23 26 0 
8 -13 1 18 -14 -6 -3 9 10 23 26 0 
-14 3 22 -13 1 2 7 18 9 10 23 26 0 
-14 -3 11 25 -13 1 2 7 18 9 10 23 26 0 
-3 8 -13 1 2 7 18 9 10 23 26 0 
-3 8 18 -10 -5 -2 13 21 -25 -1 11 14 0 
-6 -3 14 -22 -8 -23 -9 5 -26 -12 2 18 0 
-6 -3 14 4 7 22 -23 -9 5 -26 -12 2 18 0 
-6 -3 -13 14 -23 -9 5 -26 -12 2 18 0 
-3 8 -25 -1 11 -13 7 14 -23 -9 5 -26 -12 2 18 0 
-3 8 1 -13 7 14 -23 -9 5 -26 -12 2 18 0 
-26 12 -18 9 13 -8 -3 22 23 0 
1 10 -14 -6 26 -18 9 13 -8 -3 22 23 0 
-6 14 -26 4 7 -18 9 13 -8 -3 22 23 0 
-26 -3 12 -18 9 13 -25 -1 11 14 0 
-6 -3 -26 4 7 22 -18 9 13 -25 -1 11 14 0 
-26 -3 12 -18 9 13 -25 4 10 23 0 
1 -14 -6 -3 26 -18 9 13 -25 4 10 23 0 
-6 -3 14 -26 7 22 -18 9 13 -25 4 10 23 0 
-5 8 13 -12 2 18 -14 9 -26 -1 3 -25 4 10 23 0 
-22 -26 -14 -13 2 0 
-18 -9 5 -22 -8 -3 -26 -14 -13 2 0 
11 25 -8 -3 22 -26 -14 -13 2 0 
9 10 -12 18 -8 -3 22 -26 -14 -13 2 0 
3 22 -25 4 10 -26 -14 -13 2 0 
9 -12 18 -25 4 10 -26 -14 -13 2 0 
3 10 22 1 18 -25 -4 7 -26 -14 -13 2 0 
-3 8 1 18 -25 -4 7 -26 -14 -13 2 0 
9 10 -12 1 18 -25 -4 7 -26 -14 -13 2 0 
2 6 18 -1 13 14 26 0 
-18 -9 5 -8 22 -1 13 14 26 0 
-18 -9 -25 -10 5 -1 13 14 26 0 
-3 8 18 11 -25 -4 7 -1 13 14 26 0 
-3 8 18 -25 4 10 -11 -5 22 -1 13 14 26 0 
-3 8 18 -25 11 9 10 -1 13 14 26 0 
-3 8 18 -25 4 9 10 -1 13 14 26 0 
-14 -13 2 -7 6 18 -26 -22 -9 -8 0 
-14 12 13 25 -7 6 18 -26 -22 -9 -8 0 
-14 2 13 -25 4 10 -7 6 18 -26 -22 -9 -8 0 
8 -1 11 -25 -4 7 -6 -3 -13 14 -9 5 -26 -12 2 18 0 
8 1 -25 -4 7 -6 -3 -13 14 -9 5 -26 -12 2 18 0 
-4 -3 8 -25 -1 11 -13 7 14 -9 5 -26 -12 2 18 0 
-25 -4 -3 8 1 -13 7 14 -9 5 -26 -12 2 18 0 
-26 -4 7 25 -18 -14 -9 -3 0 
-13 25 26 -18 -14 -9 -3 0 
-5 13 -26 -8 -18 -14 -9 -3 0 
-26 -13 2 -18 -14 -9 -3 0 
5 -8 -26 -13 2 -18 -14 -9 -3 0 
3 18 -14 -5 12 -8 13 26 0 
25 8 -13 1 18 -14 -6 -3 -11 -5 26 0 
-9 -4 8 -13 1 18 -14 -6 -3 -11 -5 26 0 
2 7 -9 -4 8 -13 1 18 -14 -6 -3 -11 -5 26 0 
25 -3 8 -13 1 2 7 18 -11 -5 26 0 
-14 -6 -9 -4 -3 8 -13 1 2 7 18 -11 -5 26 0 
-9 -4 -3 8 -13 1 2 7 18 -11 -5 26 0 
-10 -6 -3 -26 4 7 -18 9 13 -25 -1 11 14 0 
-4 7 11 25 -8 -3 -26 -14 -13 2 0 
1 7 -9 -4 18 11 25 -8 -3 -26 -14 -13 2 0 
11 25 -8 -3 -26 -14 -13 2 0 
-18 -9 5 11 25 -8 -3 -26 -14 -13 2 0 
-7 6 18 -9 11 25 -8 -3 -26 -14 -13 2 0 
-4 7 25 9 10 -12 18 -8 -3 -26 -14 -13 2 0 
9 10 -12 18 -8 -3 -26 -14 -13 2 0 
3 -25 4 10 -26 -14 -13 2 0 
-7 6 18 -9 -8 3 -25 4 10 -26 -14 -13 2 0 
3 10 1 18 -25 -4 7 -26 -14 -13 2 0 
2 6 -9 -25 -10 5 -1 13 14 26 0 
-3 8 11 -4 7 -9 -25 -10 5 -1 13 14 26 0 
1 11 -8 -13 2 -26 -4 7 25 -14 -9 -3 0 
11 1 -6 -13 25 26 -14 -9 -3 0 
8 1 -6 -11 -5 -13 25 26 -14 -9 -3 0 
-4 8 1 -6 -11 -5 -13 25 26 -14 -9 -3 0 
2 7 -4 8 1 -6 -11 -5 -13 25 26 -14 -9 -3 0 
8 1 2 7 -11 -5 -13 25 26 -14 -9 -3 0 
-6 -4 8 1 2 7 -11 -5 -13 25 26 -14 -9 -3 0 
-4 8 1 2 7 -11 -5 -13 25 26 -14 -9 -3 0 
8 1 -25 -4 7 -26 -13 2 -14 -9 -3 0 
1 7 -4 11 25 -8 -26 -13 2 -14 -9 -3 0 
-7 6 11 25 -8 -26 -13 2 -14 -9 -3 0 
1 7 -4 11 25 5 -8 -26 -13 2 -14 -9 -3 0 
-7 6 11 25 5 -8 -26 -13 2 -14 -9 -3 0 
1 7 -4 -9 5 11 25 -8 -3 -26 -14 -13 2 0 
-7 6 -9 5 11 25 -8 -3 -26 -14 -13 2 0 
